 1 -0.6215  0.3996
 1  0.5286  0.7286
 2  0.3076  0.2053
 1 -0.5796  0.6747
 2  0.0692 -0.0017
 1  0.8959 -0.5623
 0 -0.2411 -0.0686
 3 -0.4303  0.1388
 2 -0.7552  0.7692
 1  0.8143  0.6428
 0 -0.6220 -0.1107
 3 -0.0980  0.5479
 2  0.5146  0.2755
 1  0.6309 -0.3823
 0 -0.7827  0.1619
 3 -0.8738 -0.4043
 2 -0.6316  0.7763
 1  0.8921  0.2279
 0  0.6852  0.2278
 3 -0.6757 -0.5080
 2  0.0712 -0.9707
 1  0.7642 -0.2172
 0 -0.1364 -0.3440
 3  0.5802 -0.5680
 2  0.2396  0.3450
 1  0.1703 -0.2620
 0 -0.4602  0.6955
 3 -0.5105  0.6635
 2 -0.8757 -0.3534
 1  0.8043 -0.2580
 0 -0.3638  0.0539
 3 -0.1188 -0.8098
 2  0.2386 -0.3859
 1 -0.8289  0.4108
 0  0.3941 -0.6188
 3 -0.8187 -0.2175
 2 -0.3107  0.8067
 1 -0.3486 -0.6152
 0 -0.5291  0.4619
 3  0.0273 -0.2498
 2  0.2799  0.3996
 1  0.6255  0.1823
 0 -0.9993 -0.3472
 3  0.6524 -0.2883
 2  0.5683  0.1975
 1 -0.3327  0.0473
 0  0.4890  0.0105
 3 -0.1664  0.9742
 2  0.7209 -0.1178
 1 -0.7892 -0.3114
 0  0.5450 -0.6309
 3  0.0892  0.9783
 2 -0.7994  0.7625
 1 -0.2066 -0.6117
 0 -0.4129  0.0936
 3  0.8672  0.6163
 2  0.8365 -0.7389
 1  0.4577 -0.5282
 0  0.7284 -0.6621
 3 -0.2038 -0.5034
 2  0.9332 -0.3135
 1  0.8675 -0.1361
 0 -0.4103  0.8378
 3 -0.8679  0.3707
 2  0.6046 -0.0862
 1 -0.6600 -0.9037
 0  0.7304  0.2455
 3  0.8536 -0.9405
 2  0.9702  0.1924
 1  0.8689 -0.2997
 0 -0.3841 -0.0608
 3  0.6119 -0.4972
 2  0.2214  0.1160
 1  0.1926 -0.1072
 0  0.4528  0.5953
 3 -0.4870  0.6522
 2  0.0361  0.6629
 1 -0.5945 -0.7530
 0  0.9142  0.5660
 3 -0.3767  0.9122
 2  0.0555 -0.1950
 1 -0.3229  0.8126
 0 -0.5518 -0.5485
 3 -0.2680  0.0130
 2 -0.5588  0.7795
 1 -0.8117  0.2344
 0  0.8110  0.7475
 3  0.5729  0.2294
 2 -0.3660  0.6452
 1 -0.4078  0.2696
 0 -0.6482 -0.9918
 3 -0.5467  0.6489
 2 -0.0093  0.8876
 1  0.5162 -0.5716
 0  0.5711 -0.7367
 3  0.9969 -0.4257
 2 -0.0404 -0.2837
 1 -0.5460  0.3725
 0  0.0445 -0.2731
 3  0.0902 -0.7782
 2 -0.0902 -0.4841
 1  0.2455  0.0197
 0  0.5968  0.0739
 3 -0.9044  0.1177
 2  0.9275  0.9459
 1 -0.2939  0.0778
 0  0.0134 -0.5586
 3  0.7925 -0.0975
 2  0.0954 -0.0109
 1  0.5623  0.1056
 0 -0.4501 -0.3804
 3  0.7802  0.2390
 2 -0.6942 -0.9282
 1  0.8637  0.7576
 0 -0.6142  0.4461
 3 -0.0169 -0.8795
 2  0.5176 -0.4676
 1 -0.4940 -0.1934
 0 -0.9750  0.0191
 3  0.2654 -0.9030
 2  0.5160 -0.5109
 1  0.0162 -0.2609
 0  0.6731 -0.3291
 3 -0.6403 -0.4233
 2 -0.7029 -0.2827
 1  0.3846  0.5887
 0  0.8994 -0.4777
 3 -0.6596  0.5109
 2 -0.9149 -0.6289
 1  0.0448  0.0039
 0  0.2577  0.9411
 3 -0.4108  0.9267
 2 -0.8386  0.3018
 1 -0.9916 -0.6456
 0  0.3474  0.8194
 3  0.3361 -0.9147
 2  0.8066 -0.2814
 1  0.7301  0.6720
 0 -0.1401 -0.3143
 3  0.3875 -0.3072
 2 -0.5133 -0.9965
 1  0.5174  0.2229
 0  0.1676  0.9574
 3 -0.9981  0.2902
 2 -0.0759  0.2263
 1  0.2919  0.3090
 0 -0.1769 -0.6763
 3  0.7472  0.7161
 2 -0.5380 -0.8328
 1 -0.2944 -0.6967
 0 -0.4749 -0.0595
 3 -0.5988 -0.7166
 2 -0.2774 -0.1170
 1  0.8249  0.3213
 0  0.6204 -0.8610
 3  0.8946 -0.4222
 2  0.6163  0.3359
 1  0.1069 -0.1182
 0 -0.3078 -0.7319
 3 -0.2208 -0.4093
 2  0.1525 -0.7813
 1  0.6321  0.8482
 0 -0.4863  0.3685
 3  0.9891 -0.8771
 2  0.3598  0.3718
 1 -0.4138 -0.0623
 0  0.6964  0.1459
 3  0.2783 -0.9142
 2 -0.2707  0.5160
 1 -0.4363  0.8764
 0 -0.8953  0.3807
 3  0.6460 -0.9343
 2  0.3358 -0.7182
 1  0.6647  0.4641
 0  0.7288 -0.9425
 3 -0.9435 -0.3257
 2 -0.9871 -0.8550
 1 -0.7974 -0.8748
 0 -0.7183 -0.0744
 3 -0.7832 -0.8587
 2 -0.0601  0.6679
 1  0.3881  0.2506
 0 -0.8463 -0.5579
 3  0.9169  0.5505
 2  0.6177  0.0666
 1 -0.3591  0.5925
 0 -0.2493 -0.0446
 3  0.8446 -0.3960
 2 -0.1093  0.0863
 1  0.2305 -0.5040
 0  0.0474  0.4159
 3  0.4133 -0.5136
 2  0.8521 -0.4381
 1  0.6348  0.8561
 0  0.7736 -0.0785
 3 -0.9629 -0.0132
 2 -0.9217 -0.2529
 1 -0.4201 -0.1443
 0 -0.1488  0.2689
 3 -0.4270 -0.9308
 2  0.1130 -0.8115
 1 -0.1231 -0.2648
 0  0.3052  0.3018
 3  0.1294 -0.5474
 2  0.3089 -0.4452
 1 -0.6107  0.9048
 0 -0.8458  0.2229
 3  0.2450  0.1465
 2  0.5440  0.2732
 1  0.4211 -0.9577
 0  0.4416  0.5766
 3 -0.6174 -0.0361
 2  0.2616 -0.6607
 1  0.5161 -0.6482
 0  0.3741 -0.7153
 3 -0.5383 -0.5528
 2 -0.5376 -0.1867
 1 -0.7800  0.7670
 0  0.0079 -0.6824
 3 -0.1391 -0.1534
 2 -0.4280  0.1550
 1 -0.2610 -0.3645
 0  0.2832 -0.2349
 3  0.6059  0.4209
 2 -0.5193 -0.3754
 1  0.9948 -0.5292
 0  0.2535  0.0121
 3  0.7183  0.9870
 2 -0.6126 -0.0062
 1  0.4621  0.8496
 0  0.9526  0.3161
 3  0.3359  0.4956
 2 -0.5702 -0.2559
 1 -0.9828  0.0632
 0 -0.2427 -0.7729
 3 -0.8111 -0.2856
 2 -0.2093 -0.8329
 1  0.6433 -0.5464
 0 -0.3175  0.0042
 3  0.3521  0.6133
 2 -0.4778 -0.9123
 1  0.4430 -0.9386
 0 -0.7876  0.5814
 3 -0.9509  0.3702
 2 -0.0612  0.6017
 1 -0.0719  0.1327
 0  0.2663  0.4780
 3  0.8672 -0.6679
 2  0.8807 -0.2629
 1  0.1952  0.5020
 0  0.5951 -0.2909
 3 -0.5905  0.3952
 2  0.8722 -0.7333
 1 -0.9135 -0.1650
 0 -0.3006 -0.8405
 3 -0.4344 -0.2244
 2 -0.1307  0.1973
 1  0.7452 -0.9515
 0 -0.2370 -0.4567
 3 -0.8553  0.1650
 2 -0.8885  0.7191
 1 -0.3859  0.9470
 0  0.3369  0.2221
 3 -0.4630  0.6776
 2 -0.5526 -0.9007
 1 -0.5400  0.2379
 0 -0.0282 -0.6847
 3 -0.0864  0.6618
 2 -0.5523  0.9258
 1  0.2703 -0.5521
 0  0.5746  0.4192
 3  0.2959  0.0454
 2  0.0018 -0.8289
 1 -0.6263 -0.3280
 0  0.4726  0.5652
 3 -0.2297  0.2010
 2  0.7847  0.1355
 1  0.7185 -0.4826
 0 -0.6481  0.1155
 3  0.3012 -0.2042
 2  0.6816  0.9313
 1 -0.9010 -0.0957
 0 -0.8784  0.8065
 3  0.3471  0.5432
 2  0.3380  0.0728
 1 -0.8767  0.6906
 0  0.4976  0.3122
 3 -0.7825 -0.4720
 2  0.0550 -0.8766
 1  0.4240 -0.0665
 0  0.1745 -0.7093
 3 -0.2339 -0.3025
 2  0.5062 -0.6920
 1 -0.7064 -0.1597
 0 -0.4796  0.6293
 3  0.5494 -0.2801
 2 -0.9493  0.2331
 1 -0.2246  0.6793
 0  0.9203 -0.9956
 3  0.1853 -0.9536
 2  0.1290 -0.6057
 1  0.3068  0.5793
 0 -0.8530  0.8445
 3  0.0898 -0.6353
 2  0.8271  0.8067
 1  0.9428 -0.4548
 0 -0.5652  0.4809
 3 -0.5875 -0.3670
 2 -0.8297  0.4208
 1  0.8744  0.3334
 0 -0.4800  0.3936
 3 -0.2903  0.4849
 2 -0.7584 -0.5534
 1  0.7233 -0.3715
 0 -0.0509 -0.6791
 3 -0.1758  0.4597
 2  0.8441 -0.7798
 1 -0.1963  0.6282
 0 -0.8006  0.8326
 3 -0.5940  0.8098
 2  0.5379 -0.5269
 1 -0.9225 -0.2307
 0  0.8837 -0.7511
 3  0.4543  0.4919
 2 -0.8820  0.4384
 1 -0.7189 -0.2631
 0  0.1934  0.7600
 3 -0.4971 -0.4406
 2  0.4979 -0.1829
 1 -0.6986  0.9856
 0  0.3320  0.7564
 3 -0.9240  0.0691
 2  0.6455  0.1540
 1 -0.6027  0.0141
 0 -0.5984 -0.7158
 3 -0.5146  0.3667
 2  0.9418  0.2523
 1  0.5142 -0.7166
 0  0.9739  0.8079
 3 -0.7026  0.6320
 2  0.1385  0.1216
 1 -0.0181  0.5594
 0  0.4727 -0.4804
 3 -0.6732 -0.7658
 2  0.4042  0.3243
 1 -0.1247 -0.5144
 0  0.7359  0.3174
 3  0.4549  0.1338
 2  0.4326 -0.4808
 1 -0.8049  0.1626
 0  0.4382  0.0921
 3 -0.0945  0.3896
 2  0.5661  0.1785
 1  0.4543 -0.8088
 0 -0.5257 -0.3139
 3  0.0138  0.6171
 2  0.4858  0.3278
 1 -0.1874 -0.0739
 0  0.7557 -0.7878
 3  0.8462 -0.3035
 2 -0.0285 -0.4253
 1  0.7114  0.2625
 0  0.1410  0.3280
 3  0.5597  0.4142
 2 -0.9076 -0.1675
 1  0.2618 -0.1656
 0  0.0700 -0.6227
 3 -0.2679  0.2476
 2  0.1927 -0.0624
 1  0.0647  0.1786
 0 -0.0186  0.0721
 3 -0.5862  0.9317
 2 -0.4662 -0.4915
 1  0.7560 -0.7375
 0  0.3919  0.1023
 3 -0.5837  0.2330
 2  0.9506  0.4208
 1 -0.7753 -0.8724
 0  0.9125  0.4110
 3 -0.7891  0.7018
 2 -0.9826  0.6362
 1  0.2461  0.7386
 0 -0.9748 -0.0579
 3  0.1761 -0.6074
 2 -0.2891  0.2034
 1  0.2823  0.3498
 0 -0.0352 -0.7025
 3 -0.7433 -0.2589
 2 -0.5528 -0.0222
 1  0.1881 -0.7686
 0  0.0830 -0.6812
 3 -0.3482  0.9196
 2 -0.5533 -0.5678
 0  0.4449 -0.2923
 3 -0.8859  0.4476
 2  0.8815  0.9075
 0 -0.8359 -0.5406
 3 -0.6278  0.5856
 0  0.0449  0.5004
 3 -0.6042 -0.3005